2
1
2
4
11
12
49
95
152
211
150
197
210
242
255
255
255
255
255
255
255
255
255
255
255
255
255
255
255
255
255
255
255
255
255
255
255
255
255
255
255
255
255
255
254
253
250
250
253
251
254
254
255
255
255
255
255
255
255
255
255
255
255
255
255
255
255
255
255
1
6
7
1
5
9
72
102
172
95
106
200
219
212
233
249
255
255
255
255
255
255
255
255
255
255
255
255
255
255
255
255
255
255
255
255
255
255
255
255
255
254
254
253
252
250
248
249
250
249
251
253
255
255
255
255
255
255
255
255
255
255
255
255
255
255
255
255
255
1
13
15
1
3
4
103
99
96
129
137
187
190
167
215
242
254
255
255
255
255
255
255
0
0
0
0
0
0
0
0
0
0
255
255
255
255
255
255
254
253
252
252
251
249
245
245
247
245
245
244
245
248
255
255
255
255
255
255
255
255
255
255
255
255
255
255
255
255
3
15
49
8
1
0
69
127
196
168
167
208
195
178
206
242
254
255
255
0
0
0
0
0
0
0
0
0
0
0
0
0
0
0
1
0
4
254
254
253
252
251
250
249
247
243
244
248
250
248
243
241
243
255
255
255
255
255
255
255
255
255
255
255
255
255
255
255
255
3
16
74
23
0
53
99
116
142
101
128
184
208
172
187
225
0
0
0
0
0
0
0
0
0
0
0
0
0
0
0
0
0
7
8
7
7
27
43
47
250
250
250
249
249
248
247
250
250
249
243
238
237
255
255
255
255
255
255
255
255
255
255
255
255
255
255
255
255
1
22
85
38
29
16
30
22
73
41
83
199
158
131
0
0
0
0
0
0
0
0
0
0
0
0
0
0
0
0
0
0
11
28
22
21
17
24
50
85
110
106
250
251
249
248
250
251
251
246
240
237
237
241
255
255
255
255
255
255
255
255
255
255
255
255
255
255
255
0
30
34
6
21
25
42
62
23
34
99
159
100
0
0
0
0
0
0
0
0
0
0
0
5
9
15
11
6
3
2
6
19
30
50
52
34
27
60
143
170
178
150
155
242
242
246
250
250
244
240
236
236
241
255
255
255
255
255
255
255
255
255
255
255
255
255
255
255
0
2
0
0
6
9
15
38
9
29
58
0
0
0
0
0
0
0
1
1
0
1
6
200
207
215
216
215
214
213
213
214
216
66
78
68
40
16
94
179
222
217
211
225
230
237
242
247
249
244
238
236
236
239
255
255
255
255
255
255
255
255
255
255
255
255
255
255
255
0
1
0
0
0
0
2
1
5
3
0
0
0
0
0
0
0
0
2
3
179
199
197
203
210
215
218
218
217
217
216
217
219
222
196
183
48
79
152
196
207
212
214
227
230
232
237
240
241
239
237
236
236
236
236
255
255
255
255
255
255
255
255
255
255
255
255
255
255
0
0
0
0
0
0
15
8
6
0
0
0
0
0
0
0
0
1
57
117
183
144
153
209
217
221
222
221
221
219
219
220
222
224
202
192
166
156
168
174
172
192
213
221
218
218
219
231
222
217
220
225
229
232
234
255
255
255
255
255
255
255
255
255
255
255
255
255
255
8
0
1
0
2
27
72
84
0
0
0
0
0
0
0
0
5
11
23
53
88
98
139
192
193
211
221
223
225
223
223
223
225
227
201
192
151
165
175
161
142
159
179
183
181
151
101
63
212
214
222
222
220
226
223
233
240
251
255
255
255
255
254
253
252
253
252
252
253
38
2
0
4
18
75
142
0
0
0
0
0
0
0
22
14
3
8
5
9
42
98
115
118
115
200
205
207
204
227
225
224
225
188
208
196
96
113
138
127
116
123
116
117
97
89
111
110
101
214
221
220
201
192
204
205
230
244
253
255
255
252
249
244
247
251
248
246
246
39
1
0
4
13
57
0
0
0
0
0
0
0
3
36
106
42
2
0
2
46
85
58
58
118
167
168
158
175
203
226
228
232
204
222
182
27
71
76
54
66
82
70
65
67
90
129
145
178
170
193
209
189
163
159
172
212
236
249
245
246
232
216
232
239
245
251
242
228
85
43
0
0
3
0
0
0
0
0
0
0
0
2
16
37
60
24
7
0
0
10
19
36
64
98
138
144
157
192
206
234
234
194
204
141
58
80
65
15
40
61
79
69
58
91
79
181
147
138
130
171
159
160
172
166
201
226
239
216
230
182
180
217
221
238
251
243
222
89
31
0
1
0
0
0
0
0
0
0
0
0
0
17
58
110
84
26
9
0
0
18
37
65
99
125
149
147
180
175
204
227
146
133
72
80
99
81
65
53
86
143
111
91
129
137
180
89
68
57
70
122
197
208
189
204
224
219
198
199
148
174
196
202
230
245
240
188
27
0
0
0
0
0
0
0
0
0
2
0
0
0
1
58
114
75
26
70
41
2
23
48
92
150
172
144
134
146
149
182
58
88
15
25
95
134
177
121
69
109
144
146
87
114
56
127
51
43
21
9
42
130
183
177
188
215
173
147
196
123
141
133
137
204
237
228
150
3
0
7
0
0
0
0
0
0
15
37
17
1
1
1
11
23
17
42
134
42
4
24
29
105
138
113
112
143
127
105
148
67
86
23
27
73
96
156
112
43
22
58
85
45
87
39
90
63
54
29
0
9
75
135
120
78
104
66
78
199
150
180
160
100
107
179
183
101
33
28
57
0
0
0
0
0
113
37
44
30
3
0
4
12
0
10
92
77
21
14
38
75
91
94
51
118
149
75
86
90
68
63
39
64
74
51
86
82
18
2
0
0
6
22
13
55
64
48
15
5
2
34
72
55
6
9
9
34
149
195
187
188
133
83
111
85
80
113
94
0
0
0
0
0
0
55
79
51
21
1
1
0
0
1
27
97
32
5
4
27
31
6
57
126
147
78
29
70
74
28
18
95
102
94
83
106
106
38
0
1
0
1
1
0
16
23
30
13
67
18
6
20
22
5
3
2
12
61
208
196
126
72
32
33
48
123
116
196
0
0
0
0
0
2
2
6
28
38
17
25
5
0
1
17
38
10
10
15
2
1
3
35
124
59
26
9
35
17
31
16
78
84
84
183
185
168
85
13
0
0
0
0
0
9
5
24
48
124
12
1
0
36
21
4
1
0
29
193
153
88
28
4
18
102
164
130
0
0
0
0
0
0
0
0
3
9
18
32
25
6
0
0
0
0
1
48
33
1
1
1
10
97
58
57
12
11
14
47
18
29
61
112
212
209
194
76
12
3
1
0
0
2
20
12
23
85
102
1
0
0
57
30
5
0
0
30
158
123
47
8
0
44
127
111
137
0
0
0
0
0
3
1
2
12
68
3
2
8
4
1
0
0
0
17
64
59
13
1
4
24
21
39
111
31
27
41
56
24
16
41
100
183
181
146
18
4
32
24
0
0
3
12
7
5
16
14
3
10
4
21
2
1
0
10
16
67
55
14
1
0
53
92
61
187
0
0
0
0
0
13
2
2
17
7
0
2
29
49
15
1
0
1
6
36
52
44
54
33
89
75
31
33
24
55
43
37
15
17
22
70
126
143
83
3
43
110
62
6
6
0
0
0
1
1
1
6
12
7
32
58
26
54
94
94
54
20
3
0
0
21
30
42
179
0
0
0
0
0
21
22
5
42
27
2
15
110
93
36
3
3
0
1
4
16
69
118
105
79
46
17
15
9
7
8
21
8
8
8
19
61
88
23
1
56
120
42
3
4
3
2
0
0
0
0
1
4
4
0
30
65
71
100
143
118
44
6
1
0
0
1
16
0
0
0
0
0
107
112
99
96
110
51
2
51
60
43
23
12
19
6
1
13
3
67
117
36
1
11
6
13
31
2
2
9
1
2
6
25
16
13
1
8
50
150
69
33
43
32
7
0
2
0
0
0
0
0
0
20
54
32
31
89
105
47
8
6
6
2
0
0
0
0
0
0
0
170
189
188
165
138
37
3
7
5
30
11
9
17
4
0
3
12
105
91
10
1
42
20
19
23
3
2
8
5
2
58
11
8
15
43
71
106
108
61
27
65
63
11
2
23
16
0
0
0
0
0
6
29
17
6
22
38
19
35
47
19
2
0
0
0
0
0
0
0
196
170
160
194
141
46
3
0
29
50
44
3
5
0
0
0
21
82
69
2
32
121
97
38
19
11
9
15
14
8
52
20
18
56
83
103
47
13
9
10
30
50
4
11
103
44
0
0
0
0
0
0
0
0
0
3
6
2
86
87
23
1
0
0
0
0
0
0
0
185
149
148
153
149
68
9
26
56
61
70
22
0
1
0
0
9
19
9
11
104
163
145
100
22
22
17
25
63
17
11
54
36
29
44
38
3
1
1
1
4
14
7
6
63
81
0
0
1
0
0
0
0
0
0
0
3
30
115
80
16
0
0
0
0
0
0
0
0
183
177
149
146
147
126
68
21
43
48
91
41
1
1
0
0
0
1
12
67
179
196
191
177
53
23
18
49
64
42
14
61
93
53
52
28
5
1
1
2
9
14
5
26
94
108
2
6
10
7
0
0
0
0
1
0
4
41
76
42
8
0
2
4
0
0
0
0
0
197
191
171
168
180
183
114
78
63
57
108
69
24
7
3
0
0
0
17
94
184
213
212
193
87
36
16
60
48
18
10
31
23
50
125
110
53
13
3
39
43
37
15
17
73
89
6
12
14
4
1
6
3
2
1
1
0
0
9
4
2
7
10
17
0
0
0
0
0
209
206
198
186
203
197
176
147
106
115
138
55
56
73
12
1
0
0
2
66
145
162
160
127
70
65
16
42
38
39
43
9
43
90
120
155
113
70
61
95
68
34
11
2
17
25
4
6
7
5
11
28
11
3
1
1
0
0
5
5
24
33
28
24
0
0
0
0
0
211
213
209
205
210
206
193
175
136
143
132
87
67
88
44
23
0
0
3
34
84
92
103
88
86
72
22
43
120
64
67
43
89
159
136
83
53
93
118
120
60
43
27
5
0
0
0
0
0
3
10
23
7
1
0
0
1
4
10
9
54
52
34
34
0
0
0
0
0
211
212
215
208
208
195
184
171
130
123
128
76
124
133
78
90
101
42
7
43
93
107
63
59
48
33
71
72
160
92
83
87
143
179
137
108
91
140
151
135
91
47
34
16
6
29
4
1
0
3
1
0
0
0
1
1
7
31
42
18
43
43
50
89
255
0
0
0
0
0
211
213
207
191
170
172
165
154
134
99
46
65
122
100
130
156
123
81
73
138
160
116
73
21
29
92
54
191
136
114
126
142
139
116
127
144
166
144
123
92
41
36
31
41
61
26
9
4
8
1
2
1
1
3
8
33
105
85
40
66
112
141
111
255
0
0
0
0
0
211
189
184
171
151
135
146
146
153
109
66
68
96
80
75
139
126
83
50
116
143
126
68
42
47
80
220
205
180
159
149
158
153
146
137
143
159
130
105
90
80
87
66
94
93
53
65
60
35
20
15
11
9
21
39
73
173
131
86
100
164
184
138
255
0
0
0
0
0
183
162
150
128
104
83
88
93
126
102
61
69
54
72
57
78
76
60
40
50
70
97
56
127
176
134
236
226
207
193
177
195
184
170
154
146
146
145
152
168
171
148
104
147
143
106
148
160
85
49
48
45
39
60
85
98
175
176
154
154
149
152
143
255
0
0
0
0
0
0
138
115
89
83
64
51
38
60
83
68
63
66
111
89
72
72
59
35
38
73
63
56
211
218
181
236
236
236
236
212
212
206
200
191
176
167
165
174
194
208
197
182
205
217
173
188
183
128
120
124
118
101
115
131
143
185
204
195
154
107
95
108
255
255
0
0
0
0
0
120
91
67
65
54
23
19
58
117
73
35
34
10
135
118
109
109
80
88
78
63
118
220
213
236
236
236
236
236
236
236
236
236
216
208
204
200
209
227
229
224
229
231
230
165
220
198
189
201
216
212
195
195
190
174
166
181
191
161
157
144
126
255
255
0
0
0
0
0
0
77
45
30
23
11
21
57
85
74
78
8
12
186
181
155
143
131
156
180
123
176
203
198
236
236
236
236
236
236
236
236
236
236
236
236
236
236
235
235
235
228
222
223
210
231
218
220
225
235
244
241
236
227
206
165
164
202
219
237
217
206
255
232
215
0
0
0
0
0
80
33
5
18
11
14
52
108
12
56
28
35
34
212
193
170
163
178
184
147
200
213
213
235
235
235
236
236
236
236
236
236
236
236
236
236
236
236
236
236
219
206
209
187
211
182
238
237
237
241
240
235
232
223
211
215
222
231
240
238
238
239
206
181
0
0
0
0
0
0
41
27
68
67
30
29
92
40
22
47
64
136
217
211
197
188
192
175
177
207
214
236
236
235
236
236
236
236
236
236
235
235
236
236
236
236
236
236
235
229
218
233
210
184
242
245
249
242
239
237
236
236
237
242
243
240
239
238
247
246
221
182
156
156
0
0
0
0
0
0
39
84
45
25
8
36
20
18
30
55
128
132
217
220
213
222
203
202
198
205
236
236
236
236
236
236
236
236
236
236
236
235
235
235
236
236
236
236
236
236
235
220
239
238
239
246
247
241
237
236
236
236
238
239
239
238
236
242
243
212
169
156
176
0
0
0
0
0
0
0
24
19
11
12
24
17
31
38
46
62
118
229
228
229
231
226
217
225
225
236
236
236
236
236
235
236
236
236
236
236
236
236
236
236
236
236
236
236
236
236
233
237
238
237
240
243
240
237
236
236
236
236
237
237
236
236
237
238
204
174
121
143
182
0
0
0
0
0
0
1
40
3
13
15
43
59
47
40
32
34
43
235
234
231
232
230
231
236
236
236
236
236
235
235
236
236
236
236
236
236
235
236
236
232
236
236
236
236
236
236
236
236
236
237
238
237
238
237
237
236
236
236
236
236
236
236
237
192
126
92
150
157
124
0
0
0
0
0
0
1
10
32
82
108
151
137
124
86
18
65
236
236
236
234
236
234
235
236
236
236
236
236
235
235
235
236
236
236
236
235
220
230
235
234
235
236
236
236
236
236
236
236
236
236
237
244
242
236
236
236
236
236
236
236
236
237
111
75
73
105
125
108
35
0
0
0
0
0
0
0
72
123
158
183
164
109
143
46
94
90
234
236
236
236
235
234
234
233
234
235
235
233
231
235
236
236
236
236
232
225
226
235
234
236
236
236
236
236
236
236
236
236
237
240
245
240
236
236
236
236
236
237
239
237
237
66
39
40
58
41
106
33
1
0
0
0
0
0
0
0
145
175
191
143
116
97
44
47
98
231
233
234
233
232
233
231
235
234
236
231
228
230
235
236
236
236
236
236
236
233
233
234
235
236
236
237
237
236
236
236
236
238
241
241
238
236
236
236
236
237
239
243
240
237
54
17
22
40
39
58
7
1
0
0
0
0
0
0
0
0
1
177
102
87
60
29
14
82
133
230
231
231
231
228
231
233
236
235
231
231
234
236
236
235
234
236
236
236
236
235
232
234
236
237
241
237
237
236
236
236
236
237
236
236
236
236
236
236
237
240
242
240
237
59
3
0
2
16
38
15
2
4
32
0
0
0
0
0
0
1
1
0
0
90
64
46
132
189
223
228
229
228
231
234
235
236
236
234
234
224
221
218
229
235
236
236
235
233
236
236
236
236
236
238
237
236
236
236
236
236
237
236
236
237
237
237
238
238
237
236
236
236
15
0
1
27
14
7
8
21
50
43
51
0
0
0
0
0
0
0
0
1
1
1
1
152
198
190
221
224
222
228
231
233
236
232
236
231
218
188
171
193
230
236
236
236
227
236
236
236
236
236
236
236
236
236
236
236
237
237
237
241
239
238
238
239
240
238
236
236
236
1
4
54
134
94
15
7
32
71
74
10
4
0
0
0
0
0
0
0
0
0
0
1
2
6
22
48
33
96
130
137
151
164
188
231
236
229
210
160
186
220
235
236
236
236
236
237
237
236
236
236
236
236
236
236
236
237
237
237
239
238
237
238
240
242
239
236
238
237
9
25
23
87
116
79
25
2
27
17
2
11
1
6
0
0
0
0
0
0
0
0
0
0
0
4
7
17
24
58
81
115
110
147
187
234
236
225
187
199
220
236
236
236
236
236
237
238
237
236
236
236
236
236
236
237
238
237
237
238
238
239
241
241
241
240
238
244
240
33
89
56
8
52
79
55
2
0
2
0
1
0
0
0
0
0
0
0
0
0
0
0
0
0
0
0
1
4
8
25
67
122
137
176
223
235
234
204
131
239
236
236
236
236
236
237
239
237
237
236
236
236
236
237
239
239
238
237
238
243
240
240
240
242
242
242
244
243
99
132
89
11
0
17
14
0
1
0
0
10
0
1
1
2
3
49
147
0
0
0
0
0
0
0
0
0
3
5
6
31
89
130
161
201
228
237
236
239
239
237
236
236
236
236
236
236
238
236
236
236
236
238
241
245
244
240
236
238
239
239
239
238
240
242
243
249
245
85
123
43
9
1
1
0
0
0
1
7
19
13
0
1
9
48
69
117
105
80
110
154
0
0
0
0
0
4
6
6
13
62
246
248
243
239
237
236
236
236
236
236
236
236
238
239
241
241
238
236
236
236
239
240
241
240
239
236
236
237
238
238
238
241
243
243
252
250
37
24
7
22
2
0
1
0
4
13
10
14
6
10
0
32
93
139
121
81
66
115
171
193
230
235
238
248
253
254
254
254
253
252
252
248
241
238
236
236
236
236
236
236
236
238
245
245
240
237
236
236
236
237
238
239
239
243
240
237
236
237
236
239
240
241
242
249
249
3
1
1
2
0
3
8
1
12
67
69
26
29
61
75
84
43
127
136
105
104
141
205
215
242
252
253
252
255
255
254
254
254
254
251
247
243
239
237
236
236
236
236
236
236
237
239
239
237
236
236
236
236
237
238
239
239
243
241
238
238
236
236
238
240
242
243
245
245
0
0
1
0
4
27
27
10
29
124
77
28
43
66
76
98
168
155
101
143
134
169
227
229
248
252
255
255
255
255
255
255
255
254
251
249
246
241
238
237
237
237
237
237
236
236
236
236
236
236
236
236
236
236
236
236
238
245
243
240
238
236
236
237
237
238
241
241
244
0
0
9
1
1
33
31
5
2
60
99
15
21
59
51
60
152
196
147
161
170
199
235
247
249
255
255
255
255
255
255
255
255
254
253
253
252
246
241
242
242
244
243
239
237
237
236
236
236
236
236
236
236
236
236
236
240
246
244
240
237
237
236
236
236
237
239
241
245